"Condition_Num","booklet","correct","correct_response","passage","response","response_time","total_response_time"
"1","1","undefined","NA","1","space","1106","30491"
"1","1","undefined","NA","1","space","7815","38306"
"1","1","undefined","NA","1","space","4900","43206"
"1","1","undefined","NA","1","n","3590","46796"
"1","1","undefined","NA","1","space","18043","64839"
"1","1","undefined","NA","1","n","54551","119390"
"1","1","undefined","NA","1","space","12095","131485"
"1","1","undefined","NA","1","space","4397","135882"
"1","1","undefined","NA","1","space","4223","140105"
"1","1","undefined","NA","1","space","9918","150023"
"1","1","undefined","NA","1","space","3344","153367"
"1","1","undefined","NA","1","space","11199","164566"
"1","1","undefined","NA","1","space","6115","170681"
"1","1","undefined","NA","1","space","5731","176412"
"1","1","undefined","NA","1","space","7761","184173"
"1","1","undefined","NA","1","space","11066","195239"
"1","1","undefined","NA","1","space","3427","198666"
"1","1","undefined","NA","1","space","3459","202125"
"1","1","undefined","NA","1","space","9213","211338"
"1","1","undefined","NA","1","space","3332","214670"
"1","1","undefined","NA","1","space","5673","220343"
"1","1","undefined","NA","1","y","2906","223249"
"1","1","undefined","NA","1","space","7203","230452"
"1","1","undefined","NA","1","space","9075","239527"
"1","1","undefined","NA","1","y","23819","263346"
"1","1","undefined","NA","1","space","6889","270235"
"1","1","undefined","NA","1","n","1866","272101"
"1","1","undefined","NA","1","space","5778","277879"
"1","1","undefined","NA","1","n","1561","279440"
"1","1","undefined","NA","1","space","3888","283328"
"1","1","undefined","NA","1","space","4656","287984"
"1","1","undefined","NA","1","space","10957","298941"
"1","1","undefined","NA","1","space","8239","307180"
"1","1","undefined","NA","1","space","8390","315570"
"1","1","undefined","NA","1","space","5342","320912"
"1","1","undefined","NA","1","space","25001","345913"
"1","1","undefined","NA","1","space","10354","356267"
"1","1","undefined","NA","1","n","3786","360053"
"","","1","b","1","b","9749","409342"
"","","1","a","1","a","3791","413133"
"","","1","e","1","e","4384","417517"
"","","1","c","1","c","19550","437067"
"","","0","b","1","a","13726","450793"
"","","1","e","1","e","6912","457705"
"","","1","b","1","b","26032","483737"
"","","1","a","1","a","7357","491094"
"2","1","0","a","2","space","1341","492435"
"2","1","0","a","2","space","5867","498302"
"2","1","0","a","2","space","5843","504145"
"2","1","0","a","2","space","5393","509538"
"2","1","0","a","2","space","6320","515858"
"2","1","0","a","2","space","2418","518276"
"2","1","0","a","2","space","4603","522879"
"2","1","0","a","2","space","7853","530732"
"2","1","0","a","2","space","4547","535279"
"2","1","0","a","2","y","1578","536857"
"2","1","0","a","2","space","2530","539387"
"2","1","0","a","2","space","3763","543150"
"2","1","0","a","2","space","9011","552161"
"2","1","0","a","2","y","5450","557611"
"2","1","0","a","2","space","5618","563229"
"","","1","c","2","c","3098","569579"
"","","1","d","2","d","10413","579992"
"","","1","d","2","d","6419","586411"
"","","0","e","2","b","8952","595363"
"1","1","0","e","3","space","1142","596505"
"1","1","0","e","3","space","3318","599823"
"1","1","0","e","3","space","5934","605757"
"1","1","0","e","3","space","8429","614186"
"1","1","0","e","3","space","5358","619544"
"1","1","0","e","3","space","14320","633864"
"1","1","0","e","3","n","1899","635763"
"1","1","0","e","3","space","9814","645577"
"1","1","0","e","3","space","2611","648188"
"1","1","0","e","3","space","5485","653673"
"1","1","0","e","3","space","7038","660711"
"1","1","0","e","3","n","3819","664530"
"","","1","c","3","c","8539","675570"
"","","1","d","3","d","21210","696780"
"","","1","c","3","c","11472","708252"
"","","1","e","3","e","4337","712589"
"2","1","0","e","4","space","647","713236"
"2","1","0","e","4","space","3351","716587"
"2","1","0","e","4","space","2260","718847"
"2","1","0","e","4","space","7006","725853"
"2","1","0","e","4","space","3224","729077"
"2","1","0","e","4","space","3202","732279"
"2","1","0","e","4","space","3536","735815"
"2","1","0","e","4","space","9600","745415"
"2","1","0","e","4","n","3434","748849"
"2","1","0","e","4","space","7348","756197"
"2","1","0","e","4","n","1753","757950"
"2","1","0","e","4","space","1905","759855"
"2","1","0","e","4","space","5656","765511"
"2","1","0","e","4","y","4698","770209"
"2","1","0","e","4","space","3845","774054"
"2","1","0","e","4","n","2074","776128"
"2","1","0","e","4","space","8351","784479"
"2","1","0","e","4","space","9785","794264"
"","","1","b","4","b","3387","801320"
"","","1","a","4","a","3472","804792"
"","","0","a","4","e","18130","822922"
"","","1","d","4","d","10141","833063"
"1","1","0","d","5","space","1047","834110"
"1","1","0","d","5","space","5918","840028"
"1","1","0","d","5","space","13481","853509"
"1","1","0","d","5","space","4544","858053"
"1","1","0","d","5","space","7570","865623"
"1","1","0","d","5","y","3481","869104"
"1","1","0","d","5","space","4255","873359"
"1","1","0","d","5","space","6590","879949"
"1","1","0","d","5","n","4890","884839"
"1","1","0","d","5","space","2488","887327"
"1","1","0","d","5","space","8087","895414"
"1","1","0","d","5","space","7198","902612"
"1","1","0","d","5","n","1514","904126"
"","","0","b","5","a","3677","911264"
"","","1","b","5","b","5120","916384"
"","","1","c","5","c","10163","926547"
"","","1","d","5","d","11981","938528"
"2","1","0","d","6","space","1104","939632"
"2","1","0","d","6","space","2171","941803"
"2","1","0","d","6","n","3099","944902"
"2","1","0","d","6","space","6452","951354"
"2","1","0","d","6","space","2161","953515"
"2","1","0","d","6","space","5109","958624"
"2","1","0","d","6","space","2159","960783"
"2","1","0","d","6","space","3633","964416"
"2","1","0","d","6","space","3728","968144"
"2","1","0","d","6","y","1898","970042"
"2","1","0","d","6","space","2862","972904"
"2","1","0","d","6","space","1698","974602"
"2","1","0","d","6","space","2915","977517"
"2","1","0","d","6","space","2072","979589"
"2","1","0","d","6","space","2790","982379"
"2","1","0","d","6","n","1738","984117"
"2","1","0","d","6","space","3332","987449"
"2","1","0","d","6","space","2354","989803"
"2","1","0","d","6","y","1801","991604"
"2","1","0","d","6","space","3775","995379"
"","","1","d","6","d","2939","1000113"
"","","1","c","6","c","4337","1004450"
"","","0","d","6","b","7663","1012113"
"","","1","d","6","d","10017","1022130"
"1","1","0","d","7","space","645","1022775"
"1","1","0","d","7","space","8133","1030908"
"1","1","0","d","7","space","12639","1043547"
"1","1","0","d","7","space","5457","1049004"
"1","1","0","d","7","y","1514","1050518"
"1","1","0","d","7","space","4132","1054650"
"1","1","0","d","7","space","6208","1060858"
"1","1","0","d","7","space","8360","1069218"
"1","1","0","d","7","space","4309","1073527"
"1","1","0","d","7","space","3391","1076918"
"1","1","0","d","7","space","10492","1087410"
"1","1","0","d","7","space","4177","1091587"
"1","1","0","d","7","y","1881","1093468"
"","","0","a","7","c","6538","1102363"
"","","0","a","7","e","5635","1107998"
"","","0","b","7","e","7647","1115645"
"","","1","c","7","c","15022","1130667"
"2","1","0","c","8","space","684","1131351"
"2","1","0","c","8","space","3946","1135297"
"2","1","0","c","8","space","4740","1140037"
"2","1","0","c","8","space","3279","1143316"
"2","1","0","c","8","space","4889","1148205"
"2","1","0","c","8","space","6448","1154653"
"2","1","0","c","8","y","1595","1156248"
"2","1","0","c","8","space","6720","1162968"
"2","1","0","c","8","space","3585","1166553"
"2","1","0","c","8","n","1545","1168098"
"2","1","0","c","8","space","5568","1173666"
"2","1","0","c","8","space","3986","1177652"
"2","1","0","c","8","y","1288","1178940"
"2","1","0","c","8","space","2592","1181532"
"2","1","0","c","8","space","3365","1184897"
"","","1","e","8","e","9466","1195951"
"","","1","b","8","b","3791","1199742"
"","","1","a","8","a","20335","1220077"
"","","0","e","8","c","17978","1238055"
